Spawn:
  World: world
  X: -92.29660008471889
  Y: 64.0
  Z: -164.99550432719818
  Yaw: -78.535034
  Pitch: 13.395944